Tmax	Tmin	Tav	VPD	Rain	Solar rad	Rain Days	Frost Days	Ca	D13Catm
-8.73	-20.24	-14.74	1.09	95.7	1.08	18	31	314.69	-7.28 
1.71	-3.8	-1.53	1.51	87.7	1.4	15	17.6	314.69	-7.32 
4.18	-3.92	-0.32	3.11	158.6	5.52	20	17.8	314.69	-7.38 
11.37	1.97	6.31	6.33	115.4	11.04	12	8.5	314.69	-7.43 
11.24	2.82	6.77	5.68	24.6	13.29	15	7.2	314.69	-7.44 
14.95	6	10.07	7.77	63.6	19.58	11	2.2	314.69	-7.31 
21.91	10.56	16.39	14.7	34.7	23.13	3	0	314.69	-7.03 
22.29	10.08	15.86	15.88	0	18.61	5	0	314.69	-6.81 
15.44	6.29	10.54	8.18	76.9	10.06	7	1.7	314.69	-6.85 
6.79	-0.3	2.5	3.38	96.3	3.93	5	12.1	314.69	-7.02 
1.32	-4.37	-2.6	1.51	187.1	1.06	15	18.5	314.69	-7.19 
-3.86	-9.11	-6.9	0.6	184.6	0.04	16	25.9	314.69	-7.27 
-1.08	-4.81	-3.62	0.42	95.7	0.43	16	19.2	314.69	-7.29 
0.09	-5.8	-3.5	1.37	87.7	1.81	15	20.7	314.69	-7.33 
3.56	-2.34	-0.22	2.02	158.6	4.24	21	15.3	314.69	-7.39 
8.66	0.26	3.28	4.67	115.4	10.52	17	11.2	314.69	-7.43 
14.61	5.71	9.06	7.56	24.6	15.89	15	2.7	314.69	-7.45 
16.36	8.9	11.49	7.25	63.6	16.03	6	0	314.69	-7.32 
22.44	10.82	15.95	15.44	34.7	22.42	1	0	314.69	-7.03 
21.73	9.58	15.66	15.3	0	19.42	3	0	314.69	-6.82 
14.37	6.34	10.03	6.78	76.9	8.82	4	1.7	314.69	-6.86 
9.52	-0.01	4.91	5.59	96.3	5.39	8	11.6	314.69	-7.03 
-1.08	-6.65	-3.77	1.08	187.1	1.03	20	22.1	314.69	-7.19 
-2.73	-8.63	-5.21	0.94	184.6	0.08	18	25.2	314.69	-7.28 
-4.35	-9.21	-6.81	0.44	154.8	0.57	20	26.1	314.69	-7.29 
-2.62	-9.96	-5.92	1.36	147.4	2.63	17	27.3	314.69	-7.34 
1.32	-4.19	-1.77	1.44	243.7	3.51	8	18.2	314.69	-7.39 
7.95	1.31	4.54	3.48	68.9	8.33	12	9.6	314.69	-7.44 
11.66	4.57	7.97	4.97	141.5	13.81	16	4.4	314.69	-7.45 
17.7	9	12.97	9.09	21.1	20.37	10	0	314.69	-7.33 
19.15	10.47	15.11	9.96	13.7	19.37	4	0	314.69	-7.04 
19.94	10.5	15.32	11.24	11.5	15.98	6	0	314.69	-6.83 
16.81	4.05	11.05	11.67	6.5	13.56	11	5.3	314.69	-6.87 
8.44	2.4	5.13	3.26	133.1	4.45	13	7.8	314.69	-7.03 
3.46	0.47	1.47	0.58	277.4	0.32	12	10.9	314.69	-7.20 
-4.42	-10.59	-7.77	0.78	161.5	0.12	16	28.3	314.69	-7.29 
-2.76	-7.05	-5.07	0.44	209.2	0.45	15	22.7	314.69	-7.30 
-4.89	-11.66	-8.19	0.86	94.6	2.04	8	29.9	314.69	-7.34 
2.73	-3.03	-0.15	1.8	74.3	4.55	15	16.4	314.69	-7.40 
7.56	-0.39	3.62	4.05	22.6	11.27	11	12.2	314.69	-7.44 
9.8	2.21	6	4.61	59.3	14.21	13	8.1	314.69	-7.46 
16.61	8.97	13.06	7.53	93.9	18.82	11	0	314.69	-7.33 
21.82	9.98	16.38	15.1	17.6	25.16	3	0	314.69	-7.04 
21.07	10.73	16.36	12.98	20.6	17.39	3	0	314.69	-6.83 
13.16	5.11	9.37	6.25	83.2	9.61	2	3.6	314.69	-6.87 
10.88	2.48	6.69	5.51	254	5.36	13	7.7	314.69	-7.04 
3.82	-1.31	1.11	1.72	86.6	1.23	15	13.7	314.69	-7.20 
1.15	-1.69	-1.1	0.27	497.3	0.04	16	14.3	314.69	-7.29 
1.28	-2.45	-1.02	0.69	181.7	0.38	26	15.5	314.69	-7.31 
4.71	-3.16	0.72	3.16	16.3	3.15	11	16.6	314.69	-7.35 
8.06	-0.16	4	4.36	170	7.35	15	11.9	314.69	-7.40 
13.17	3.65	8.36	7.26	66.1	12.93	12	5.9	314.69	-7.45 
15.6	6.83	11.23	7.98	55.7	17.13	6	0.9	314.69	-7.47 
16.56	9.14	12.59	7.31	99.4	18.77	6	0	314.69	-7.34 
21.16	11.17	16.38	12.69	3	23.15	1	0	314.69	-7.05 
22.05	9.6	16.19	15.87	0	20.83	5	0	314.69	-6.84 
13.72	5.13	9.77	6.89	75.7	9.84	6	3.6	314.69	-6.88 
10.18	4.05	6.65	3.81	231.4	3.8	5	5.3	314.69	-7.05 
4.55	2.09	2.35	0.4	127.2	0.66	23	8.3	314.69	-7.21 
-1.61	-3.58	-3.31	0	172.6	0.03	17	17.2	314.69	-7.30 
-2.08	-7.77	-5.18	0.97	237.4	0.75	19.1	23.8	314.69	-7.31 
0.71	-6.04	-2.77	1.79	62	2.29	14	21.1	314.69	-7.35 
1.44	-3.63	-1.48	1.29	175.2	4.36	16.2	17.3	314.69	-7.41 
6.34	-0.91	2.51	3.33	113.2	9.81	14.9	13.1	314.69	-7.46 
14.26	2.67	8.2	9.19	24.8	21.65	13.3	7.4	314.69	-7.47 
16.39	7	11.37	8.92	39.1	22.63	11.4	0.6	314.69	-7.34 
20.77	10.29	15.14	12.87	8.9	22.54	5.9	0	314.69	-7.06 
20.61	8.01	14.3	14.69	15.9	20.4	4.1	0	314.69	-6.84 
18.98	5.51	12.25	13.94	7.6	14.32	7.3	3	314.69	-6.88 
8.77	-0.31	4.48	5.06	60	5.52	9.8	12.1	314.69	-7.05 
-0.16	-6.39	-3.41	1.45	59.8	1.19	17.4	21.7	314.69	-7.22 
-2.15	-5.32	-4.11	0.11	129.3	0.09	17.9	20	314.69	-7.30 
-2.47	-5.82	-4.44	0.15	229.4	0.46	19.1	20.8	314.69	-7.32 
-7.8	-18.4	-13.1	1.12	143.9	2.79	14	40.5	314.69	-7.36 
1.96	-3.66	-0.96	1.6	102.5	4.69	16.2	17.4	314.69	-7.41 
10.31	1.73	6.14	5.4	27.9	10.98	14.9	8.9	314.69	-7.46 
15.18	7.51	11.37	6.87	51.6	15.61	13.3	0	314.69	-7.48 
17.27	11.96	14.45	5.51	114.3	13.23	11.4	0	314.69	-7.35 
22.28	12.53	17.64	13.31	27.2	21.61	5.9	0	314.69	-7.06 
21.31	10.59	16.36	13.56	7.3	18.43	4.1	0	314.69	-6.85 
15.36	5.56	10.74	8.63	45.5	11.37	7.3	2.9	314.69	-6.89 
12.39	0.43	6.64	8.28	17.9	7.07	9.8	10.9	314.69	-7.06 
2.41	-6.79	-2.61	3.02	12.3	1.87	17.4	22.3	314.69	-7.22 
-0.45	-4.08	-2.6	0.45	174.9	0.08	17.9	18	314.69	-7.31 
-10.49	-22	-16.2	0.81	141.6	1.08	17	46.2	314.69	-7.33 
-1.68	-10.14	-5.47	1.83	195	2.75	15	27.5	314.69	-7.37 
4.98	-2.5	1.16	3.06	74.5	5.9	16	15.5	314.69	-7.42 
5.78	0.58	3.18	2.14	251.3	8.76	12	10.7	314.69	-7.47 
13.48	4.45	9.03	7.09	33.9	18.38	15	4.6	314.69	-7.48 
14.86	9.12	11.75	5.06	111.8	15.19	11	0	314.69	-7.35 
20.69	12.62	16.72	10.28	35.8	20.28	3	0	314.69	-7.07 
18.09	9.15	13.72	9.56	59.4	15.56	3	0	314.69	-6.86 
17.08	6.54	11.93	10.27	23.6	12.47	1	1.4	314.69	-6.90 
10.69	4.01	7.13	4.35	94.5	4.76	7	5.3	314.69	-7.07 
3.23	-0.09	0.9	0.73	234.5	0.72	21	11.8	314.69	-7.23 
-1.27	-3.82	-3.26	0	232.9	0.06	22	17.6	314.69	-7.32 
-1.9	-6.47	-4.51	0.63	127.5	0.56	20	21.8	314.69	-7.33 
-0.27	-6.84	-4.23	1.54	94.6	1.73	13	22.4	314.69	-7.37 
2.39	-1.69	0.12	0.99	180.1	2.86	4	14.3	314.69	-7.43 
8.11	1.36	4.92	3.57	92.5	9.24	10	9.5	314.69	-7.47 
12.55	4.58	8.36	5.92	33.1	15.73	4	4.4	314.69	-7.49 
17.7	10.49	13.95	7.69	64.4	16.85	6	0	314.69	-7.36 
22.42	13.72	17.89	12.21	8	19.6	11	0	314.69	-7.08 
19.9	9.45	15.02	12.17	33.7	17.83	8	0	314.69	-6.86 
20.04	10.18	15.17	11.72	75.4	10.62	15	0	314.69	-6.90 
9.83	4.24	6.66	3.34	109.8	3.68	7	5	314.69	-7.07 
-0.14	-4.37	-2.53	0.72	122.3	0.57	19	18.5	314.69	-7.23 
-1.03	-4.51	-3.17	0.33	138.4	0.04	18	18.7	314.69	-7.32 
-0.82	-2.56	-2.08	0	110.9	0.32	16	15.6	314.69	-7.34 
-2.76	-8.8	-5.73	0.98	188.6	2.19	8	25.4	314.69	-7.38 
4.36	-2.57	1.14	2.66	81.8	5.92	15	15.7	314.69	-7.43 
10.33	1.7	6.28	5.43	14.3	13.88	24	9	314.69	-7.48 
14.06	5.15	9.86	7.29	47.7	17.92	18	3.5	314.69	-7.50 
14.47	7.56	10.93	5.92	94.1	16.35	18	0	314.69	-7.37 
21.14	12.17	16.88	11.59	23.6	21.69	20	0	314.69	-7.08 
22.7	10.76	17.2	16	0	20.15	6	0	314.69	-6.87 
16.3	7.11	12.17	8.7	28.7	11.87	6	0.5	314.69	-6.91 
8.69	2.2	5.66	3.6	76.6	4.42	6	8.2	314.69	-7.08 
5.45	-2.07	1.47	3.21	37.1	1.24	9	14.9	314.69	-7.24 
0.56	-2.09	-1.16	0.13	224.7	0.08	14	14.9	314.69	-7.33 
-2.64	-7.95	-5.76	0.77	118.8	0.52	14	24.1	314.69	-7.35 
0.69	-2.54	-1.6	0.4	211.8	0.87	16	15.6	314.69	-7.39 
5.69	-0.25	2.72	2.51	146.2	4.72	15	12	314.69	-7.44 
8.14	2.88	5.34	2.7	121.9	7.57	12	7.1	314.69	-7.49 
14.89	6.09	10.78	7.63	61.4	17.98	10	2.1	314.69	-7.50 
18.65	9.78	14.47	9.83	35.1	22.66	21	0	314.69	-7.37 
20.89	13.12	16.93	10.06	64.4	18.58	4	0	314.69	-7.09 
21.19	10.24	16.31	13.68	0	19.45	1	0	314.69	-6.88 
15.56	11.19	13.28	3.95	155.2	7.63	9	0	314.69	-6.92 
9.99	5.59	7.22	2.54	173.8	3.95	11	2.9	314.69	-7.09 
-1.19	-5.36	-3.54	0.57	213.4	0.96	21	20	314.69	-7.25 
-0.97	-4.16	-2.92	0.22	119.9	0.05	19	18.1	314.69	-7.34 
-1.11	-5.3	-3.58	0.59	103.3	0.46	15	19.9	314.69	-7.35 
2.85	-3.54	-0.37	2.09	40.8	2.81	9	17.2	314.69	-7.39 
7.84	-1.36	3.63	4.77	36.6	8.74	21	13.8	314.69	-7.45 
10.4	2.25	6.57	5.17	36.9	12.51	15	8.1	314.69	-7.49 
11.23	6.7	8.83	2.93	241.1	11.89	12	1.1	314.69	-7.51 
14.74	11.14	12.87	2.94	123.9	12.39	14	0	314.69	-7.38 
22.38	14.36	18.35	11.35	23.3	19.55	10	0	314.69	-7.10 
19.42	12.2	15.75	8.59	59.1	12.68	7	0	314.69	-6.88 
10.3	6.76	8.15	1.94	157.1	5.2	8	1	314.69	-6.93 
7.1	2.23	4.36	2.23	117.6	3.18	11	8.1	314.69	-7.09 
2.38	-1.11	0.42	0.71	135.8	0.63	19	13.4	314.69	-7.25 
-1.48	-4.54	-3.49	0.12	200.4	0.03	22	18.7	314.69	-7.34 
-4.44	-12.12	-8.53	1.14	63	0.53	23	30.7	314.69	-7.36 
-1.58	-7.43	-4.58	1.09	100.2	2	16	23.3	314.69	-7.40 
3.35	-3.38	0.26	2.34	49.3	5.46	15	16.9	314.69	-7.45 
9.88	1.1	5.68	5.33	78.7	11.61	22	9.9	314.69	-7.50 
9.73	4.35	7.08	3.18	186.4	12.21	18	4.8	314.69	-7.52 
13.18	7.77	10.11	4.2	140.9	14.13	2	0	314.69	-7.39 
21.17	12.3	16.52	11.5	61.6	22.15	1	0	314.69	-7.10 
21.78	11.29	16.62	13.7	8.1	18.79	4	0	314.69	-6.89 
16.93	6.2	11.85	10.31	1.4	12.52	9	1.9	314.69	-6.93 
10.54	1.47	6.11	5.77	111.6	5.11	12	9.3	314.69	-7.10 
-0.26	-2.62	-1.71	0	296.6	0.47	19	15.7	314.69	-7.26 
-2.55	-4.18	-3.43	0	169.4	0.01	26	18.2	314.69	-7.35 
-5.66	-11.99	-8.5	0.65	108.6	0.79	20	30.4	314.69	-7.37 
0.53	-5.82	-2.43	1.62	98	2.85	15	20.8	314.69	-7.41 
1.56	-6.6	-1.65	2.46	125.3	6.7	21	22	314.69	-7.46 
9.26	1.8	6.04	4.35	118.6	11.76	15	8.8	314.69	-7.51 
9.4	3.27	6.42	3.58	86.3	13.46	12	6.5	314.69	-7.52 
12.45	7.32	9.61	3.74	134.9	14.95	15	0.1	314.69	-7.39 
19.57	11.08	15.35	10.03	20.6	19.22	13	0	314.69	-7.11 
17.84	9.6	14.23	8.75	27.4	17.02	4	0	314.69	-6.90 
17.5	5.53	12.13	11.65	16.6	12.46	13	2.9	314.69	-6.94 
8.8	3.23	6.13	3.06	153.8	4.03	13	6.5	314.69	-7.11 
2	-2.81	-0.28	1.26	44	1.07	12	16	314.69	-7.27 
-3.18	-7.71	-5.34	0.47	120.1	0.05	15	23.7	314.69	-7.36 
-2.38	-7.97	-4.39	0.9	62.7	0.6	22	24.1	314.69	-7.38 
-1.82	-5.77	-3.37	0.42	75.3	1.53	15	20.7	314.69	-7.41 
0.95	-5.5	-1.65	1.73	64.2	5.75	17	20.3	314.69	-7.47 
7.77	0.33	4.71	3.86	93.7	11.12	15	11.1	314.69	-7.51 
12.93	5.48	9.16	5.71	47	16.06	18	3	314.69	-7.53 
15.3	9.3	12.05	5.46	82.7	14.85	13	0	314.69	-7.40 
20.8	10.48	15.69	12.74	6.1	24.03	8	0	314.69	-7.12 
18.78	9.06	14.2	10.7	43.1	16.9	0	0	314.69	-6.91 
16.47	8.01	12.27	8.19	85.3	10.79	7	0	314.69	-6.95 
12.76	3.28	8.4	7.03	27.2	5.5	9	6.5	314.69	-7.12 
0.41	-2.21	-1.1	0.11	118	0.34	21	15.1	314.69	-7.28 
-4.36	-8.62	-6.32	0.26	126.2	0.03	17	25.1	314.69	-7.36 
-2.15	-4.34	-3.34	0	159.9	0.29	25	18.4	314.69	-7.38 
-0.47	-3.96	-2.41	0.39	107.7	0.93	20	17.8	314.69	-7.42 
0.96	-3.05	-0.67	0.77	184.9	3.78	21	16.4	314.69	-7.48 
5.09	-1.16	2.41	2.52	132.3	9.63	14	13.4	314.69	-7.52 
12.05	5.19	8.82	4.94	121.9	12.84	15	3.5	314.69	-7.54 
13.73	7.44	10.81	5.12	70.5	18.2	14	0	314.69	-7.41 
21.68	11.63	16.89	13.16	0	24.07	5	0	314.69	-7.12 
22.23	10.88	16.75	14.97	14.5	20.28	6	0	314.69	-6.91 
13.63	5.71	9.82	6.36	153.3	10.45	3	2.7	314.69	-6.96 
11.29	2.49	7.12	5.93	100.5	5.85	8	7.7	314.69	-7.12 
0.59	-2.72	-1.69	0.43	213.9	0.72	16	15.9	314.69	-7.28 
-2.51	-5.79	-4.71	0.12	153.1	0.04	17	20.7	314.69	-7.37 
-1.72	-6.51	-4.38	0.73	182.9	0.64	21	21.8	314.69	-7.39 
-0.2	-4.58	-2.39	0.77	105.6	1.41	16	18.8	314.69	-7.43 
4.02	-0.51	1.76	1.46	130.8	3.84	18	12.4	314.69	-7.48 
9.05	1.41	5.55	4.39	84.7	12.05	15	9.4	314.69	-7.53 
13.92	5.08	9.69	7.17	88.9	18.83	14	3.6	314.69	-7.54 
15.01	7.87	11.27	6.35	105.8	16.28	11	0	314.69	-7.42 
21.21	11.89	16.53	12.02	10.3	21.86	2	0	314.69	-7.13 
21.76	11.05	16.23	13.92	12.1	18.57	0	0	314.69	-6.92 
15.16	6.65	10.8	7.54	53.3	9.02	9	1.2	314.69	-6.96 
6.44	-0.48	2.78	3.19	138.4	4.51	8	12.4	314.69	-7.13 
0.55	-4.28	-2.02	1.05	308	1	12	18.3	314.69	-7.29 
-0.99	-5.03	-3.43	0.55	148.1	0.02	14	19.5	314.69	-7.38 
-4.11	-10.29	-6.99	0.82	143.5	0.56	15	27.8	314.69	-7.40 
1.98	-5.01	-1.57	2.14	98	2.55	15	19.5	314.69	-7.44 
6.18	-1.71	2.18	3.59	115.6	6.63	15	14.3	314.69	-7.49 
9.19	0.84	5.17	4.83	89.6	12.49	20	10.3	314.69	-7.54 
16.1	6.62	11.08	8.82	50.2	20.12	11	1.2	314.69	-7.55 
14.96	9.12	11.35	5.18	174.2	14.71	13	0	314.69	-7.42 
21.83	11.27	16.56	13.82	7.8	25.18	6	0	314.69	-7.14 
20.04	9.97	15.07	11.92	25.1	18.23	5	0	314.69	-6.93 
15.52	7.75	11.54	7.11	144	8.84	5	0	314.69	-6.97 
8.48	6.04	6.9	0.81	262.9	2.02	13	2.1	314.69	-7.14 
0.05	-1.41	-1.17	0	181.8	0.25	18	13.8	314.69	-7.30 
-1.26	-3.05	-2.42	0	131.2	0	20	16.4	314.69	-7.39 
-2.56	-8.23	-4.78	0.9	181.7	0.75	19	24.5	314.69	-7.41 
-1.34	-7.9	-4.56	1.36	173.8	2.1	15	24	314.69	-7.45 
1.87	-4.47	-1.52	1.87	120.2	4.7	22	18.6	314.69	-7.50 
6.19	0.91	3.42	2.27	196.2	7.5	12	10.2	314.69	-7.54 
11.36	6.37	8.49	3.33	258	11.52	16	1.6	314.69	-7.56 
17.85	12.49	14.46	5.81	178.6	13.98	11	0	314.69	-7.43 
19.06	10.35	14.36	9.93	172.7	22.63	3	0	314.69	-7.15 
18.62	10.74	14.33	8.84	32.3	14.78	5	0	314.69	-6.94 
15.92	6.66	11.29	8.55	34.8	11.35	8	1.2	314.69	-6.98 
10.56	0.33	5.38	6.42	51	6.1	5	11.1	314.69	-7.15 
0.18	-2.2	-1.47	0	198.5	0.46	17	15.1	314.69	-7.31 
-5.6	-10.71	-7.62	0.37	195.2	0.01	16	28.4	314.69	-7.40 
-10.41	-21.28	-15.17	0.75	43.2	1.22	18	45	314.69	-7.42 
-2.22	-10.13	-6	1.58	259.5	2.65	15	27.5	314.69	-7.45 
4.05	-3.63	0.12	2.9	117	6.13	21	17.3	314.69	-7.51 
11.46	0.94	6.63	7.01	58.7	14.57	17	10.1	314.69	-7.55 
15.58	6.62	10.84	8.12	61.6	17.47	15	1.2	314.69	-7.57 
17.62	8.04	12.57	9.81	34.9	23.5	6	0	314.69	-7.44 
21.08	11.13	16.05	12.59	31.3	22.73	1	0	314.69	-7.16 
21.57	10.49	16.16	14.12	38.4	19.63	3	0	314.69	-6.95 
17.79	6.66	12.15	11.2	87	12.02	4	1.2	314.69	-6.99 
6.92	-0.86	2.93	3.77	105.1	4.94	8	13	314.69	-7.16 
5.96	0.59	2.82	2.27	173.3	1.3	20	10.7	314.69	-7.32 
-2.16	-6.81	-4.56	0.63	225.4	0.07	18	22.3	314.69	-7.40 
-9.11	-20.8	-15.15	1.05	266.7	1.12	20	44.3	314.69	-7.42 
-0.92	-7.72	-4.22	1.5	203.4	1.83	17	23.7	314.69	-7.46 
1.42	-2.9	-0.98	0.97	236.8	2.73	8	16.2	314.69	-7.51 
7.21	-0.25	3.44	3.69	88	11.61	12	12	314.69	-7.56 
12.1	2.9	7.19	6.54	62	19.82	16	7.1	314.69	-7.58 
15.82	9.17	12.02	6.28	163	17.4	10	0	314.69	-7.45 
21.28	11.55	15.79	12.52	65.1	23.19	4	0	314.69	-7.16 
21.68	10.73	15.87	14.09	31.4	19.44	6	0	314.69	-6.96 
17.59	5.4	11.64	11.87	35.2	13.35	11	3.1	314.69	-7.00 
8.82	3.44	5.31	2.94	284.4	3.63	13	6.2	314.69	-7.17 
1.92	-1.77	-0.64	0.75	163.1	0.54	12	14.4	314.69	-7.32 
0.94	-1.78	-1.45	0.19	176.5	0.06	16	14.4	314.69	-7.41 
-3.02	-8.24	-6.09	0.7	177.2	0.66	15	24.6	314.69	-7.43 
0.02	-5.74	-3.12	1.31	163.1	2.53	8	20.6	314.69	-7.47 
1.29	-5.61	-2.1	1.96	106.5	6.36	15	20.4	314.69	-7.52 
10.64	-1.72	4.71	7.52	32.8	16.89	11	14.3	314.69	-7.57 
13.4	4.89	8.73	6.69	113.5	19.12	13	3.9	314.69	-7.58 
15.45	6.95	10.66	7.68	81.8	20.97	11	0.7	314.69	-7.46 
22.25	11.17	16.37	14.71	29.7	25.49	3	0	314.69	-7.17 
20.67	10.22	14.97	12.77	27.3	19.06	3	0	314.69	-6.96 
16.99	6.82	11.4	9.9	50.7	12.39	2	0.9	314.69	-7.01 
7.52	3.42	4.74	1.83	285.5	2.62	13	6.2	314.69	-7.18 
1.5	-2.74	-1.3	0.94	149.7	0.67	15	15.9	314.69	-7.33 
-3.98	-8.8	-6.86	0.47	257.1	0.04	16	25.4	314.69	-7.42 
-3.86	-10.08	-7.14	0.87	145.7	0.41	26	27.5	314.69	-7.44 
-0.88	-5.99	-3.41	0.95	68.9	2.13	11	21	314.69	-7.48 
2.15	-3.74	-0.63	1.74	70	5.03	15	17.5	314.69	-7.53 
12.22	1.05	7.08	7.76	48.2	17.06	12	10	314.69	-7.58 
13.89	5.75	9.59	6.65	82.7	17.9	6	2.6	314.69	-7.59 
15.89	8.93	11.98	6.58	167	16.32	6	0	314.69	-7.46 
21.76	10.79	16.27	14.18	0	24.53	1	0	314.69	-7.18 
21.09	10.97	15.77	12.76	15.3	18.55	5	0	314.69	-6.97 
18.27	7.73	13.33	11.07	40.4	12.04	6	0	314.69	-7.02 
14.66	1.04	8.2	10.65	4.4	7.73	5	10	314.69	-7.19 
1.48	-4.92	-1.95	1.81	18	1.53	23	19.3	314.69	-7.34 
-1.71	-3.99	-3.29	0	143.4	0.01	17	17.9	314.69	-7.43 
2.07	0.11	0.24	0	418.2	0.22	19.1	11.5	314.69	-7.45 
1.23	-2.96	-1.18	0.88	126.3	1.96	14	16.3	314.69	-7.49 
4.36	-1.8	1.4	2.32	80.9	5.57	16.2	14.4	314.69	-7.54 
7.41	0.92	4.19	3.24	116.8	9.32	14.9	10.2	314.69	-7.59 
11.46	3.49	7.34	5.48	136.1	15.71	13.3	6.1	314.69	-7.60 
13.63	7.64	10.2	4.84	90.7	15.59	11.4	0	314.69	-7.47 
21.86	9.62	15.85	15.51	0	28.13	5.9	0	314.69	-7.19 
20.4	11.18	15.94	11.34	48.1	17.24	4.1	0	314.69	-6.98 
18.22	6.95	12.64	11.63	15.9	12.75	7.3	0.7	314.69	-7.03 
12.27	2.55	7.83	6.94	24.9	6.42	9.8	7.6	314.69	-7.19 
4.32	0.06	1.68	1.37	188.2	0.91	17.4	11.5	314.69	-7.35 
-0.12	-1.68	-1.74	0	218.4	0.02	17.9	14.3	314.69	-7.44 
-2.39	-7.8	-5.51	0.84	339.4	0.59	19.1	23.9	314.69	-7.46 
2.75	-3.4	-0.52	1.97	105	2.2	14	17	314.69	-7.50 
3.17	-5.17	-1.3	2.93	80.4	6.97	16.2	19.7	314.69	-7.55 
6.87	0.69	3.52	2.92	122.1	10.43	14.9	10.5	314.69	-7.60 
13.74	4.75	9.53	7.18	85.4	18.93	13.3	4.2	314.69	-7.61 
14.15	7.74	10.65	5.38	113.8	16.84	11.4	0	314.69	-7.48 
20.14	11.05	15.59	11.02	69.5	21.2	5.9	0	314.69	-7.20 
17.68	10.15	13.81	7.99	129.5	14.5	4.1	0	314.69	-6.99 
15.39	7.35	11.07	7.28	103.5	11.06	7.3	0.1	314.69	-7.04 
9.01	0.58	4.88	4.81	74.5	5.78	9.8	10.7	314.69	-7.20 
4.96	1.14	2.75	1.24	134.5	1.09	17.4	9.8	314.69	-7.36 
-1.21	-5.11	-3.76	0.47	102.9	0.04	17.9	19.6	314.69	-7.45 
-2.69	-5.73	-4.62	0.02	74.6	0.31	17	20.6	314.69	-7.47 
-2.28	-7.64	-5.38	0.84	105.4	1.92	15	23.6	314.69	-7.51 
-0.48	-8.19	-4.54	1.86	105.4	6.25	16	24.5	314.69	-7.56 
4.69	-0.63	1.87	1.98	139	6.94	12	12.6	314.69	-7.60 
9.92	3.17	6.1	4.14	57.3	12.57	15	6.6	314.69	-7.62 
17.15	9.3	12.77	8.01	92.8	19.37	11	0	314.69	-7.49 
19.07	12.25	15.07	7.97	69	16.97	3	0	314.69	-7.21 
22.29	8.86	15.72	17.03	0	22.2	3	0	314.69	-7.00 
16.47	6.52	11.6	9.41	110.7	11.8	1	1.4	314.69	-7.05 
9.02	3.62	6.16	3	276.7	4.04	7	5.9	314.69	-7.21 
-1.86	-6.58	-4.46	0.68	255.1	1.02	21	21.9	314.69	-7.37 
-2.34	-7.52	-5.51	0.77	248.5	0.03	22	23.4	314.69	-7.46 
-2.11	-6.33	-4.57	0.49	178.6	0.5	20	21.6	314.69	-7.48 
-3.94	-10.63	-7.25	0.98	108.9	1.86	13	28.3	314.69	-7.52 
1.86	-4.64	-1.35	1.93	172	5.21	4	18.9	314.69	-7.57 
10.19	1.05	5.7	5.66	39.1	11.67	10	10	314.69	-7.61 
14.04	6.59	9.95	6.18	133.5	16.8	4	1.3	314.69	-7.63 
15.51	8.33	11.55	6.61	115.2	19.4	6	0	314.69	-7.50 
22.44	11.83	16.77	14.38	48.4	23.1	11	0	314.69	-7.22 
20.09	9.54	14.71	12.42	92.2	18.48	8	0	314.69	-7.01 
16.99	5.82	11.48	10.68	55.9	12.94	15	2.5	314.69	-7.06 
5.69	2.47	3.96	0.99	158.2	4.18	7	7.7	314.69	-7.22 
0.14	-3.93	-2.15	0.7	41.8	0.6	19	17.8	314.69	-7.38 
-0.52	-4.87	-3.03	0.72	169	0.07	18	19.3	314.69	-7.47 
-8.06	-15.54	-11.73	0.58	122.5	1.06	16	36	314.69	-7.49 
-1.27	-7.53	-4.04	1.27	213	2.52	8	23.4	314.69	-7.53 
3.29	-3.29	0.16	2.26	165.3	5.61	15	16.8	314.69	-7.58 
8.27	0.88	4.57	3.98	85.6	11.5	24	10.2	314.69	-7.62 
14	7.55	10.64	5.36	225.4	14.03	18	0	314.69	-7.64 
16.73	10.18	13	6.58	116.7	16.99	18	0	314.69	-7.51 
20.67	10.75	15.34	12.24	17.4	22.42	20	0	314.69	-7.23 
19.58	9.22	14.12	11.86	27.9	19.06	6	0	314.69	-7.02 
19.19	6.33	12.84	13.66	8.2	14.27	6	1.7	314.69	-7.07 
7.8	2.52	4.36	2.63	155.8	3.28	6	7.7	314.69	-7.23 
1.67	-4.09	-1.4	1.6	103.8	1.29	9	18	314.69	-7.39 
0.26	-2.89	-1.84	0.32	188.9	0.04	14	16.2	314.69	-7.48 
-0.95	-4.5	-3.1	0.37	181	0.19	14	18.7	314.69	-7.50 
3.28	-0.57	0.8	1.01	214.2	1.09	16	12.5	314.69	-7.54 
3.97	-2.97	0.54	2.57	65.9	5.78	15	16.3	314.69	-7.59 
6.6	0.96	3.69	2.56	181.4	8.5	12	10.1	315.21	-7.63 
17.51	8	12.61	9.69	34.1	20.06	10	0	314.77	-7.65 
18.09	11.77	14.16	6.94	140.9	14.13	21	0	314.87	-7.52 
22.65	12.65	16.89	13.9	48.9	21.48	4	0	314.97	-7.24 
23.48	13.01	17.88	15.16	10.4	18	1	0	315.99	-7.03 
15.49	7.56	11.29	7.24	50.1	9.48	9	0	315.84	-7.08 
11.3	1.62	6.48	6.45	91.2	5.93	11	9.1	315.54	-7.24 
2.3	-2.28	-0.63	1.21	283	0.66	21	15.2	315.25	-7.40 
-0.1	-2.83	-2.04	0.11	245.2	0.04	19	16.1	315.64	-7.49 
-1.87	-5.48	-4.06	0.3	293.4	0.26	15	20.2	315.7	-7.51 
-1.35	-5.44	-3.72	0.53	83.7	1.16	9	20.2	315.84	-7.55 
3.17	-1.82	0.6	1.54	94.3	4.14	21	14.5	315.69	-7.60 
8.54	1.2	4.94	4.05	81.6	11.5	15	9.7	315.48	-7.64 
10.47	3.12	6.69	4.71	103.1	15.6	12	6.7	315.56	-7.66 
16.43	9.06	12.32	7.2	74.7	17.58	14	0	315.9	-7.53 
22.28	10.36	16.02	15.59	4.7	25.56	10	0	315.66	-7.25 
18.74	9.78	13.8	9.97	29.1	17.33	7	0	315.86	-7.04 
12.9	7.84	9.82	3.82	189.6	7.02	8	0	316.48	-7.09 
8.13	2.44	4.89	2.97	131.9	3.6	11	7.8	316.27	-7.26 
0.87	-6.84	-3.22	2.15	225.7	1.6	19	22.4	316.72	-7.41 
-1.19	-5.25	-3.61	0.53	67.8	0.06	22	19.9	316.56	-7.50 
-4.68	-11.48	-7.89	0.9	90.8	0.56	23	29.6	316.51	-7.52 
-1.02	-6.66	-3.78	1.11	130.7	2.33	16	22.1	316.43	-7.56 
4.23	-4.01	0.23	3.18	150	6.68	15	17.9	316.56	-7.61 
7.91	0.88	4.31	3.67	132.1	10.58	22	10.2	316.78	-7.65 
11.09	4.45	7.65	4.45	149.5	14.1	18	4.6	317.29	-7.67 
17.17	7.73	12.14	9.42	59.4	23.58	2	0	317.33	-7.54 
24.76	12.2	18.17	18.77	0	27.33	1	0	317.29	-7.26 
18.19	10.44	13.71	8.47	82.6	14.25	4	0	316.97	-7.05 
18.09	5.69	11.87	12.4	29.7	13.72	9	2.7	316.8	-7.10 
11.7	1.94	6.53	6.69	105.9	6.47	12	8.6	316.84	-7.27 
3.33	-2.14	-0.04	1.79	248.9	1.22	19	15	316.92	-7.42 
-2.61	-6.13	-4.81	0.2	92.7	0.07	26	21.3	317.16	-7.51 
-1.03	-5.17	-3.38	0.58	110	0.45	20	19.7	317	-7.53 
1.45	-0.67	-0.09	0	315.1	0.59	15	12.7	317.29	-7.57 
3.88	-1.48	1.2	1.84	147.9	4.85	21	14	317.5	-7.62 
7.08	1.15	3.82	2.83	98.8	9.13	15	9.8	317.23	-7.66 
12.06	5.2	8.57	4.95	139.5	16.26	12	3.5	317.76	-7.68 
20.51	10.04	14.97	12.67	61.7	25.81	15	0	317.43	-7.55 
23.3	11.37	16.83	16.58	6.8	25.77	13	0	317.73	-7.27 
25.47	12.03	18.35	20.52	32.7	20.83	4	0	317.8	-7.06 
14.16	3.6	8.49	8.47	35.6	12.95	13	6	317.47	-7.11 
8.23	0.4	4.16	4.21	101.1	5.1	13	11	318.4	-7.28 
0.45	-6.3	-3.01	1.74	126.2	1.45	12	21.5	318.08	-7.43 
-3.21	-7.58	-5.87	0.41	168.2	0.06	15	23.5	317.99	-7.52 
-3.85	-11.64	-7.82	1.26	117	0.8	22	29.9	318.07	-7.54 
0.24	-5.66	-3	1.4	77.8	2.61	15	20.5	318.06	-7.58 
1.47	-4.68	-1.47	1.72	188.1	5.17	17	19	318.63	-7.63 
10.62	0.7	6.05	6.28	67.5	14.43	15	10.5	318.39	-7.67 
9.84	4.21	6.93	3.38	163.5	13.71	18	5	318.25	-7.69 
16.7	6.54	11.52	9.71	24.6	24.65	13	1.4	318.25	-7.56 
20.41	8.54	14.12	13.87	18.9	26.28	8	0	318.66	-7.28 
19.23	9.61	13.89	10.92	53.6	17	0	0	318.52	-7.07 
17.29	5.02	11.05	11.7	82.6	13.09	7	3.7	318.97	-7.12 
9.42	2.83	5.3	3.88	135.5	4.6	9	7.2	318.39	-7.29 
2.7	-0.2	0.39	0.46	157.1	0.54	21	11.9	318.57	-7.44 
-0.54	-2.6	-2.14	0	140.1	0.02	17	15.7	318.64	-7.53 
-5.51	-14.34	-9.79	1.2	65.8	1.11	25	34.1	318.92	-7.56 
3.1	-3.26	-0.32	2.13	183.8	2.34	20	16.7	318.64	-7.59 
4.59	-1.67	1.62	2.42	127.6	5.93	21	14.2	318.75	-7.64 
7.33	0.77	4.26	3.25	140.5	10.28	14	10.4	319.03	-7.68 
13.54	4.07	8.84	7.42	45.3	20.11	15	5.2	319.42	-7.70 
15.85	9.63	12.15	5.88	104.3	16.44	14	0	319.15	-7.57 
19.41	9.04	13.97	11.74	32.6	23.74	5	0	318.74	-7.29 
21.75	9.98	15.7	14.96	19.4	20	6	0	318.87	-7.09 
19.88	9.08	14.13	12.48	55.2	11.96	3	0	319.01	-7.13 
11.98	3.66	7.31	5.92	65.7	5.25	8	5.9	319.06	-7.30 
2.85	-0.78	0.42	0.84	172.3	0.6	16	12.8	319.06	-7.45 
-2.82	-7.61	-5.5	0.59	129.6	0.13	17	23.6	319.26	-7.54 
-2.31	-6.24	-4.6	0.36	232.5	0.28	21	21.4	319.68	-7.57 
-0.86	-7.33	-3.89	1.41	45.8	3.04	16	23.1	319.62	-7.60 
1.34	-4.73	-1.47	1.66	152.1	5.43	18	19.1	319.56	-7.65 
6.2	-0.8	2.66	3.17	102.8	10.46	15	12.9	319.51	-7.70 
11.15	3.63	7.48	5.06	38.6	16.86	14	5.9	319.45	-7.71 
14.74	8.96	11.49	5.05	154.2	13.49	11	0	319.68	-7.58 
20.28	10.98	15.26	11.33	71.5	20.96	2	0	319.57	-7.30 
17.79	8.82	12.79	9.39	116.5	16.62	0	0	319.84	-7.10 
13.86	4.63	9.05	7.41	71.6	11.83	9	4.4	319.51	-7.14 
11.04	1.67	5.96	6.16	76.7	5.74	8	9	319.84	-7.31 
0.86	-2.6	-1.37	0.52	194.5	0.74	12	15.7	319.68	-7.46 
-2.92	-9.04	-6.58	0.98	343.2	0.04	14	25.8	319.61	-7.55 
-2.06	-4.94	-4.23	0.01	226	0.23	15	19.4	319.49	-7.58 
0.26	-5.17	-2.42	1.24	119.6	2.2	15	19.7	319.92	-7.62 
2.65	-7.74	-1.93	3.48	31.9	9.03	15	23.8	319.73	-7.66 
8.84	1.22	5.37	4.31	168.5	11.04	20	9.7	319.71	-7.71 
11.78	2.85	7.26	6.23	70.6	19.63	11	7.1	319.42	-7.72 
16.14	7.15	11.21	8.45	121.1	23	13	0.4	319.63	-7.59 
21.05	11.3	15.83	12.35	20.4	21.68	6	0	320.5	-7.31 
20.05	11.67	15.36	10.22	165.6	15.17	5	0	319.97	-7.11 
12.58	3.65	7.69	6.58	64.1	11.39	5	5.9	320.61	-7.16 
12.56	2.53	7.58	7.27	23.3	6.06	13	7.7	320.44	-7.32 
3.32	-0.13	0.76	0.81	115.2	0.69	18	11.8	320.81	-7.48 
-1.23	-5.06	-3.45	0.45	74	0.02	20	19.6	320.29	-7.56 
-2.06	-5.88	-4.43	0.35	232.7	0.51	19	20.9	320.63	-7.59 
-0.74	-5.9	-3.31	0.98	76.1	2.37	15	20.9	321.06	-7.63 
3.84	-4.02	0.45	2.92	164.4	7.21	22	17.9	321.22	-7.67 
8.63	-0.49	4.36	5.02	28.7	14.63	12	12.4	321.44	-7.72 
15.47	4.22	10.02	9.72	29.8	22.49	16	5	321.24	-7.73 
15.06	7.16	10.68	7.01	92.9	22.04	11	0.4	321.49	-7.60 
20.38	9.81	14.86	12.65	30	25.11	3	0	321.5	-7.33 
21.44	9.12	15.2	15.19	39.9	20.51	5	0	321.54	-7.12 
19.64	8.52	13.83	12.59	11.3	13.21	8	0	321.47	-7.17 
9.63	0.78	5.26	5.27	59.5	6.06	5	10.4	321.25	-7.34 
2.68	-1.82	-0.15	1.23	230.8	0.88	17	14.5	321.78	-7.49 
-0.74	-2.85	-2.44	0	197.6	0.03	16	16.1	321.98	-7.58 
-0.5	-3.76	-2.58	0.29	270.2	0.29	18	17.5	322.06	-7.60 
1.76	-3.78	-0.78	1.53	81.6	2.41	15	17.6	321.9	-7.64 
2.19	-3.54	-0.63	1.68	107.9	4.76	21	17.2	321.79	-7.69 
5.5	-1.97	2.18	3.2	92.4	11.12	17	14.7	321.98	-7.73 
11.6	3.29	7.61	5.75	85.4	18.1	15	6.4	322.32	-7.74 
17.44	9.08	13.13	8.63	57.7	20.88	6	0	321.91	-7.62 
22.78	9.92	16.24	17	2.1	27.63	1	0	321.65	-7.34 
25.36	10.13	18.1	22.24	0	22.7	3	0	322.08	-7.13 
20.73	8.07	14.87	14.85	38.5	14.23	4	0	322.13	-7.18 
9.04	2.35	5.4	3.82	157.5	3.85	8	7.9	322.43	-7.35 
2.95	-3.24	-0.73	2.03	96.3	1.3	20	16.7	322.73	-7.50 
-3.06	-7.18	-5.65	0.35	132.8	0.06	18	22.9	322.9	-7.59 
-2.26	-8.75	-5.57	1.18	97.1	0.6	20	25.4	322.56	-7.62 
2.95	-3.76	-0.28	2.24	230.1	2.3	17	17.5	322.53	-7.65 
6.04	-1.31	3.02	3.3	71.2	6.49	8	13.7	322.63	-7.70 
7.19	-1.58	3.18	4.33	42.8	13.47	12	14.1	322.69	-7.74 
12.62	2.56	7.77	7.32	70.8	20.1	16	7.6	322.89	-7.76 
16.55	8.11	12.05	8.21	84.5	20.75	10	0	323.2	-7.63 
22.77	9.43	16.13	17.43	15	27.72	4	0	323.21	-7.35 
18.46	8.96	13.65	10.29	86.7	16.6	6	0	323.21	-7.15 
15.22	6.9	10.88	7.42	157	10.97	11	0.8	323.24	-7.20 
7.95	0.34	4.08	4.01	147.5	4.51	13	11.1	323.39	-7.36 
1.12	-2.82	-0.91	0.76	160.4	0.6	12	16.1	323.27	-7.51 
-3.94	-10.63	-7.08	0.98	234.9	0.06	16	28.3	323.71	-7.60 
-6.24	-14.36	-10.3	0.95	354	1.04	15	34.2	324.01	-7.63 
-2	-9.44	-5.13	1.49	39.4	3.28	8	26.4	323.84	-7.67 
2.83	-6.66	-0.89	3.24	73.4	9.33	15	22.1	324.46	-7.71 
9.01	-0.01	5.06	5.12	125.6	13.99	11	11.6	324.31	-7.75 
14.46	3.79	9.97	8.72	48.3	22.37	13	5.7	324.59	-7.77 
17.85	8.57	13.15	9.71	51.2	23.32	11	0	324.63	-7.64 
20.96	7.68	14.51	15.6	6.2	27.06	3	0	325.06	-7.36 
20.88	6.72	14.72	16.23	0	22.29	3	1.1	324.83	-7.16 
15.98	7.47	11.27	7.97	76.7	10.94	2	0	325.25	-7.21 
7.02	-0.34	3.26	3.59	80.2	5.27	13	12.2	324.86	-7.38 
3.18	-3.37	-0.5	2.23	40.5	1.18	15	16.9	324.77	-7.53 
-2.62	-5.29	-4.24	0	166.2	0.04	16	19.9	324.88	-7.61 
-2.93	-7.63	-5.65	0.55	342.5	0.31	26	23.6	325.04	-7.64 
2.34	-2.53	-0.43	1.34	121.4	2.54	11	15.6	325.41	-7.68 
2.04	-4.17	-0.66	1.85	127.9	5.91	15	18.2	325.71	-7.72 
4.1	-0.85	1.57	1.68	133.1	8.9	12	13	325.85	-7.77 
13.49	4.29	8.85	7.21	69.7	17.56	6	4.9	325.28	-7.78 
18.59	10.68	13.95	8.85	122.1	18.87	6	0	325.52	-7.65 
22.54	12.84	17.01	13.47	65.9	22.78	1	0	325.51	-7.38 
23.28	9.97	16.47	17.95	17.9	21.89	5	0	325.77	-7.17 
13.41	4.03	8.22	7.29	56.1	10.45	6	5.3	325.91	-7.22 
8.18	0.38	4.02	4.18	96	4.25	5	11	326.17	-7.39 
2.33	-2.58	-0.92	1.36	143.1	0.82	23	15.7	325.94	-7.54 
-2.94	-6.66	-5.7	0.23	133.3	0.04	17	22.1	326.06	-7.63 
-1.49	-6.33	-4.83	0.78	240.9	0.29	19.1	21.6	326.28	-7.66 
0.34	-5.07	-2.57	1.24	106.1	1.94	14	19.6	326.07	-7.69 
0.87	-4.06	-1.6	1.14	159.4	3.9	16.2	18	325.96	-7.74 
7.9	-0.13	4.01	4.21	122.8	12.37	14.9	11.8	325.46	-7.78 
13.93	5.18	9.31	7.11	113	18.96	13.3	3.5	326.11	-7.79 
13.72	7.77	10.39	4.83	206.5	14.72	11.4	0	326.42	-7.67 
21.53	10.54	15.43	14	27.8	25.94	5.9	0	326.44	-7.39 
24.81	12.57	18.06	18.46	76.4	20.61	4.1	0	326.51	-7.19 
13.95	3.72	8.59	8.13	97.5	11.7	7.3	5.8	326.16	-7.24 
7.87	-0.36	3.51	4.3	96.6	5.41	9.8	12.2	326.59	-7.40 
0.59	-1.79	-1.09	0.01	130.8	0.53	17.4	14.4	326.82	-7.55 
-3.6	-8.3	-6.51	0.47	223.1	0.09	17.9	24.6	327.01	-7.64 
-4.07	-10.4	-7.55	0.86	237.1	0.63	19.1	27.9	326.89	-7.67 
-0.77	-5.76	-3.67	0.92	213.9	1.26	14	20.7	327.01	-7.71 
4.87	-1.12	1.74	2.35	168	5.32	16.2	13.4	326.56	-7.75 
5.65	-1.15	2.21	2.93	112.6	10.67	14.9	13.4	327.38	-7.79 
13.65	5.4	9.34	6.62	97.7	16.54	13.3	3.1	327.23	-7.81 
16.51	9.27	12.24	7.13	94.5	18.29	11.4	0	326.95	-7.68 
20.23	10.7	14.79	11.53	45.2	22.12	5.9	0	327.21	-7.40 
22.96	12.04	17.01	15.18	42.5	20.38	4.1	0	327.4	-7.20 
13.63	5.3	8.91	6.66	62.3	10.4	7.3	3.3	327.71	-7.25 
9.77	0.52	4.45	5.55	34.8	5.81	9.8	10.8	328.07	-7.42 
1.67	-1.86	-0.54	0.64	75.2	0.44	17.4	14.5	328.51	-7.57 
-4.44	-9.93	-7.65	0.6	208.5	0.21	17.9	27.2	328.53	-7.65 
-3.17	-9.31	-6.71	0.94	149.3	0.4	17	26.2	328.62	-7.68 
1.48	-5.51	-1.9	2.03	37.1	2.88	15	20.3	328.83	-7.72 
4.07	-2.49	1.03	2.43	89	6.46	16	15.5	329.03	-7.76 
8.22	-1.42	3.58	5.12	29.5	16.54	12	13.8	329.08	-7.81 
14.31	4	9.17	8.39	56.7	21.29	15	5.3	329.62	-7.82 
17.07	7.96	12	9.08	43.7	21.18	11	0	329.97	-7.69 
23.2	9.76	16.28	17.98	0	28.57	3	0	330.07	-7.42 
22.03	9.74	15.89	15.71	5.6	22.11	3	0	330.47	-7.22 
16.2	7.04	11.55	8.62	88.5	11.51	1	0.6	330.38	-7.26 
8.59	1.43	4.84	3.96	57.3	4.79	7	9.4	330.26	-7.43 
-1.05	-4.05	-3	0.14	379	0.47	21	18	330.15	-7.58 
-0.98	-2.5	-2.42	0	293.2	0.04	22	15.5	329.65	-7.67 
-4.92	-10.94	-8.08	0.67	391.1	0.33	20	28.8	329.48	-7.70 
0.45	-2.73	-1.52	0.36	166.8	0.89	13	15.9	330.07	-7.73 
2.98	-2.59	0.2	1.76	160.5	5.12	4	15.7	330.22	-7.78 
7.61	1.74	4.73	2.94	122.1	9.26	10	8.9	330.24	-7.82 
9.66	2.71	6.11	4.18	91.7	16.65	4	7.4	330.21	-7.83 
17.74	9.16	13.59	9.01	82.2	23.01	6	0	329.96	-7.71 
19.89	11.15	15.32	10.5	48.5	22.7	11	0	330.16	-7.43 
20.46	10.34	15.14	12.28	37.6	20.71	8	0	330.35	-7.23 
18.18	4.96	11.54	13.08	26.7	14.44	15	3.8	330.32	-7.28 
12.08	-0.84	5.94	8.6	5	7.69	7	12.9	330.3	-7.45 
2.01	-0.97	-0.12	0.42	170.4	0.76	19	13.1	330.34	-7.59 
-1.46	-4.24	-3.36	0.02	163.2	0.04	18	18.3	330.44	-7.68 
-3.26	-8.1	-5.97	0.55	245.6	0.52	16	24.3	330.83	-7.71 
-2.3	-8.49	-5.61	1.09	198.2	2.3	8	25	330.82	-7.75 
1.06	-4.01	-1.66	1.23	125.9	4.1	15	17.9	330.53	-7.79 
4.85	-1.34	1.77	2.44	88.5	8.9	24	13.7	330.74	-7.83 
11.61	4	7.66	5.3	65.2	16.81	18	5.3	330.96	-7.85 
14.36	7.67	10.33	5.7	81	18.11	18	0	331.18	-7.72 
22.11	14.17	17.53	11.06	100.3	19.73	20	0	330.91	-7.44 
18	10.43	13.46	8.19	130.9	15.12	6	0	331.09	-7.25 
18.12	5.08	11.32	12.9	2.3	14.44	6	3.6	331.5	-7.30 
7.59	3.24	4.48	2.01	150.7	2.93	6	6.5	331.48	-7.46 
0.9	-4.51	-2.54	1.33	177.6	0.92	9	18.7	331.37	-7.61 
-1.06	-5.22	-3.83	0.58	235.9	0.06	14	19.8	331.58	-7.69 
-1.74	-5.81	-4.36	0.47	159.6	0.36	14	20.7	331.79	-7.73 
-0.48	-5.52	-3.45	0.98	161.7	1.69	16	20.3	332.2	-7.76 
0.94	-5.25	-2.17	1.63	109.5	5.2	15	19.9	331.99	-7.81 
7.33	0.43	4.13	3.43	106.6	9.85	12	10.9	332.22	-7.85 
13.78	4.48	9.24	7.41	105.5	18.43	10	4.6	331.89	-7.86 
14	7.25	10.04	5.6	68	15.92	21	0.2	331.7	-7.73 
20.53	11.44	15.26	11.28	23.4	21.13	4	0	332.08	-7.46 
18.21	11.61	14.03	7.3	131.2	12.89	1	0	331.85	-7.26 
19.13	7.46	12.91	12.65	1.7	13.36	9	0	331.94	-7.31 
10.36	0.24	5.07	6.27	52.5	6.06	11	11.2	331.94	-7.48 
3	-2.55	-0.25	1.76	56.8	1	21	15.6	332.3	-7.62 
-1.74	-5.86	-4.18	0.5	88.9	0.08	19	20.8	332.72	-7.71 
-4.4	-9.72	-7.31	0.56	61.3	0.57	15	26.9	332.69	-7.74 
2.46	-4.05	-0.96	2.06	50.3	2.7	9	18	332.63	-7.78 
2.26	-2.84	-0.3	1.43	106	4.03	21	16.1	333.34	-7.82 
11.77	0.35	6.56	7.66	23.9	16.97	15	11.1	333.37	-7.86 
10.41	4.26	6.96	3.9	144.8	15.82	12	4.9	333.91	-7.88 
19.81	10.68	14.5	10.83	48.8	21.97	14	0	333.71	-7.75 
20.43	11.37	15.25	11.19	54.2	22.41	10	0	334.01	-7.47 
22.52	12.47	16.64	13.83	64.8	18.18	7	0	333.88	-7.28 
12.68	6.68	9.18	4.52	117.6	7.89	8	1.1	334.28	-7.33 
9.01	0.85	4.7	4.66	69.4	5.37	11	10.3	334.44	-7.49 
0.75	-3.97	-2.28	1.04	166.9	0.85	19	17.9	334.56	-7.64 
-2.15	-7	-5.1	0.69	354	0.05	22	22.6	334.53	-7.72 
-2.1	-5.9	-4.51	0.34	138.3	0.2	23	20.9	335.04	-7.68 
0.49	-3.45	-1.94	0.68	94.6	1.09	16	17	334.63	-7.71 
6.22	-1.59	2.14	3.57	75.1	7	15	14.1	334.94	-7.74 
7.53	1.75	4.36	2.86	118.5	8.84	22	8.9	335.09	-7.79 
10.11	4.64	6.75	3.34	164	11.9	18	4.3	335.09	-7.80 
17.51	8.53	12.32	9.24	50	21.61	2	0	335.52	-7.67 
20.62	11.93	15.48	10.94	88.4	21.54	1	0	335.75	-7.41 
18.74	11.28	14.23	8.48	106	14.9	4	0	335.82	-7.23 
14.61	7.74	10.63	5.95	63.3	8.45	9	0	335.5	-7.29 
11.35	-0.34	5.47	7.57	8.5	7.4	12	12.2	335.67	-7.46 
-0.84	-6.53	-4.13	1.15	117.8	1.34	19	21.9	335.97	-7.60 
-5.65	-12.31	-9.25	0.73	128.2	0.09	26	30.9	335.87	-7.70 
-8.38	-18.7	-13.7	0.99	78.5	1	20	41	336.11	-7.76 
-1.89	-6.02	-4.27	0.48	218.4	1.12	15	21.1	336.01	-7.80 
4.94	-3.18	1.23	3.33	90.3	7.07	21	16.6	336.3	-7.84 
7.27	0.77	4.1	3.21	142.8	9.19	15	10.4	336.25	-7.89 
13.1	5.12	9.08	6.17	91.4	18.44	12	3.6	336.06	-7.91 
18.13	8.55	13.13	10.14	38.2	25.05	15	0	336.78	-7.79 
21.98	10.82	16.22	14.56	54	25.36	13	0	336.85	-7.53 
22.21	11.5	16.32	14.31	52.5	18.36	4	0	337.07	-7.34 
19.29	7.08	13.02	13.23	18.2	13.87	13	0.5	337.19	-7.40 
10.72	2.36	6.37	5.43	121	5.41	13	7.9	337.47	-7.56 
0.37	-5.35	-2.97	1.36	67.8	1.05	12	20	337.48	-7.69 
0.33	-2.77	-2.02	0.31	180.6	0.03	15	16	337.83	-7.77 
-4.92	-12.57	-8.93	1.06	174.4	0.98	22	31.4	337.87	-7.82 
0.4	-4.08	-2.04	0.89	84.7	1.29	15	18	337.79	-7.84 
2.19	-3.38	-0.62	1.62	83.3	4.32	17	16.9	338.34	-7.87 
10.46	2.38	6.86	5.16	62.3	11.37	15	7.9	338.22	-7.91 
11.83	6.75	9.07	3.52	184.9	12.49	18	1	338.49	-7.92 
13.81	8.41	10.81	4.38	175.7	15.1	13	0	338.77	-7.79 
20.15	11.39	14.99	10.69	40.1	19.37	8	0	338.56	-7.52 
18.83	8.42	12.7	11.36	74.9	18.67	0	0	338.86	-7.33 
16.04	7.29	11.08	8.2	97.5	10.71	7	0.2	339.32	-7.39 
11.09	1.72	6	6.18	34.6	5.56	9	8.9	339.3	-7.56 
2.57	-1.08	-0.01	0.81	131.3	0.48	21	13.3	339.36	-7.69 
0.33	-2.94	-2.14	0.38	356.2	0.06	17	16.2	339.26	-7.78 
0.33	-1.96	-1.54	0	69.1	0.27	25	14.7	339.34	-7.83 
0.97	-3.98	-1.72	1.16	142.7	1.84	20	17.9	339.94	-7.86 
5.81	-1.77	2.24	3.34	78.9	6.76	21	14.4	339.91	-7.89 
7.46	1.57	4.6	2.91	161.1	8.38	14	9.1	339.94	-7.93 
10.54	6.16	7.77	2.65	114.4	9.27	15	2	340.03	-7.94 
12.83	8.45	10	3.2	158.4	10.89	14	0	340.03	-7.81 
19.15	10.28	14.22	10.15	31.1	22.57	5	0	339.93	-7.54 
23.2	11.49	17.04	16.24	21.4	20.16	6	0	339.94	-7.35 
17.01	5.99	11.41	10.59	60.8	13.3	3	2.2	340.25	-7.40 
7.21	0.95	4.08	3.06	111.6	4.42	8	10.1	340.43	-7.57 
2.97	-1.16	0.39	1.1	142.3	1.09	16	13.4	340.72	-7.70 
-2.46	-5.37	-4.37	0	231.3	0.02	17	20.1	340.85	-7.78 
-4.33	-8.43	-6.6	0.22	238.8	0.29	21	24.9	340.98	-7.83 
-2.16	-7.96	-5.25	0.99	215.8	1.71	16	24.1	341.09	-7.86 
2.67	-1.13	0.45	0.9	159.8	2.69	18	13.4	341.15	-7.89 
5.8	-1.13	2.59	3.03	143.6	9.85	15	13.4	341.24	-7.92 
11.92	3.82	7.74	5.75	52	16.95	14	5.6	341.29	-7.93 
17.22	10.74	13.16	6.72	54.5	15.4	11	0	340.97	-7.80 
19.53	11.08	14.55	9.96	87.1	19.09	2	0	341.14	-7.54 
21.15	11.13	15.74	12.7	41.2	17.61	0	0	341.26	-7.34 
15.66	6.52	10.99	8.3	119.7	11.38	9	1.4	341.23	-7.40 
7.46	2.21	4.64	2.54	132	3.59	8	8.1	341.39	-7.56 
-1.31	-4.08	-3.22	0.03	146.2	0.42	12	18	341.38	-7.70 
-3.25	-6.26	-5.36	0	160.5	0.09	14	21.4	341.56	-7.78 
-0.08	-3.49	-2.32	0.4	160.1	0.21	15	17.1	341.54	-7.84 
1.73	-2.04	-0.47	0.76	150.8	0.89	15	14.8	342.1	-7.87 
4.99	-0.19	2.24	1.97	185.3	4.57	15	11.9	341.85	-7.90 
7.91	-0.54	3.84	4.42	63.7	12.57	20	12.5	342.47	-7.95 
13.35	4.35	8.68	6.99	91.4	18.47	11	4.8	342.62	-7.96 
15.32	9.19	11.68	5.59	141.6	15.77	13	0	342.85	-7.84 
17.72	10.74	13.71	7.45	142.8	16.61	6	0	343.25	-7.58 
22.15	13.02	17.16	12.5	50.3	17.81	5	0	343.52	-7.40 
13.88	4.51	9.13	7.51	50.3	12.16	5	4.5	343.17	-7.46 
9.03	0.92	5.17	4.65	76.1	5.25	13	10.2	343.42	-7.62 
1.46	-0.46	-0.12	0	298.5	0.34	18	12.3	343.47	-7.76 
-7.55	-13.2	-10.34	0.29	167	0.05	20	32.4	343.8	-7.86 
-2.96	-7.14	-5.12	0.38	173.3	0.54	19	22.8	343.95	-7.91 
-0.11	-4.1	-1.81	0.64	81.1	1.57	15	18.1	344.01	-7.95 
3.34	-0.46	1.49	0.99	155.6	3.63	22	12.3	343.78	-7.99 
5.72	0.43	3.42	2.17	146.7	9.73	12	11	343.99	-8.03 
9.93	3.82	6.8	3.72	188.6	12.71	16	5.6	344.2	-8.04 
14	7.47	10.7	5.43	138.3	18.21	11	0	344.35	-7.91 
21.75	10.89	16.24	14.06	6.7	25.81	3	0	344.67	-7.63 
22.23	11.17	16.51	14.67	14.1	19.82	5	0	344.53	-7.44 
13.83	4.78	9.47	7.27	119.2	10.66	8	4.1	344.42	-7.49 
6.61	-0.57	3.15	3.37	90.5	5.14	5	12.5	344.84	-7.64 
0.19	-1.96	-1.26	0	223.9	0.34	17	14.7	345.01	-7.77 
-5.19	-10.31	-7.72	0.41	152.6	0.11	16	27.8	345.23	-7.85 
-5.6	-10.38	-8.2	0.28	19.8	0.62	18	27.9	345.16	-7.89 
-3.67	-11.09	-6.95	1.2	93.9	2.74	15	29	345.29	-7.91 
2.02	-5.53	-1.24	2.35	109	6.9	21	20.3	346.04	-7.94 
8.7	1.36	5.4	4.1	49.8	10.83	17	9.5	345.45	-7.97 
14.04	5.32	9.67	7.14	106.3	18.03	15	3.3	345.61	-7.98 
16.97	8.26	12.51	8.68	110	22.14	6	0	345.75	-7.85 
25.24	11.7	18.45	20.36	19.3	27.72	1	0	345.72	-7.58 
19.43	10.21	14.62	10.67	62.8	17.03	3	0	346.1	-7.38 
12.03	5.12	8.18	4.98	177.7	7.83	4	3.6	346.17	-7.43 
7.43	0.15	3.5	3.67	117.2	4.88	8	11.4	346.19	-7.59 
-5.23	-10.16	-7.94	0.36	191.3	0.91	20	27.6	346.37	-7.72 
-6.8	-13.56	-10.05	0.6	43.4	0.15	18	32.9	346.55	-7.80 
-1.28	-5.81	-3.5	0.7	178.4	0.36	20	20.7	346.45	-7.85 
-0.49	-5.6	-3.21	1.01	245.4	2.05	17	20.4	346.37	-7.87 
6.59	-0.19	3.25	3.17	128.2	6.14	8	11.9	346.54	-7.89 
7.88	0.74	4.38	3.73	91.2	11.4	12	10.5	346.99	-7.92 
13.65	5.28	9.43	6.7	125.6	17.58	16	3.3	347.23	-7.93 
19.76	10.5	14.88	10.93	46.2	23.2	10	0	347.27	-7.79 
18.66	9.06	13.74	10.52	56.1	22.11	4	0	346.98	-7.52 
23.74	11.87	18.17	16.95	17.9	20.12	6	0	347.32	-7.32 
12.23	6.49	8.97	4.16	144.8	9.18	11	1.4	347.99	-7.37 
11.45	0.8	6.04	7.07	52.9	6.82	13	10.4	347.58	-7.54 
0.43	-3.41	-2.07	0.63	234.1	0.76	12	17	347.79	-7.67 
-2.87	-6.93	-5.18	0.35	67.2	0.06	16	22.5	347.81	-7.76 
-3.18	-8.57	-6.15	0.73	93.3	0.53	15	25.1	348.12	-7.82 
1.53	-4.02	-1.48	1.49	57.7	2.09	8	17.9	347.84	-7.87 
4.77	-1.95	1.35	2.67	126.2	6.3	15	14.7	348.13	-7.91 
12.3	2.53	7.71	6.99	77.7	14.8	11	7.6	348.58	-7.96 
14.93	6.85	10.85	7.08	97.7	16.29	13	0.9	348.74	-7.98 
18.8	8.96	13.89	10.83	87.5	23.86	11	0	349.07	-7.87 
20.12	11.43	15.82	10.59	102.9	21.05	3	0	349.07	-7.60 
20.83	8.63	14.66	14.53	36.5	21.04	3	0	349.13	-7.42 
20.29	5.44	13.9	16.16	1.3	15.21	2	3.1	349.55	-7.48 
13.32	-2.22	6.33	10.65	0	8.12	13	15.1	349.71	-7.64 
2.77	-1.55	0.32	1.16	43.3	1.03	15	14.1	349.92	-7.78 
-3.08	-6.82	-5.27	0.22	151.9	0.03	16	22.3	349.92	-7.87 
-3.21	-8.57	-6.23	0.72	106.1	0.65	26	25.1	350.15	-7.92 
2.47	-4.59	-1.06	2.27	49.3	3.23	11	18.8	350.89	-7.97 
4.44	-1.84	0.95	2.39	86.2	5.11	15	14.5	350.69	-8.01 
10.02	1.95	6.13	4.98	92.1	11.98	12	8.6	350.87	-8.06 
12.81	4.88	8.9	6.01	96.2	16.78	6	4	350.96	-8.08 
16.52	9.2	12.73	7.2	73.1	19.98	6	0	351.26	-7.96 
20.65	9.36	14.91	13.56	54	24.35	1	0	351.89	-7.71 
22.08	8.3	15.63	17.13	0.6	22.67	5	0	351.99	-7.53 
17.13	5.42	11.65	11.19	52.5	13.15	6	3.1	352.02	-7.59 
14.13	3.5	9.35	8.51	30.3	6.37	5	6.1	352.24	-7.76 
1.69	-0.68	-0.17	0.09	243.1	0.46	23	12.7	352.12	-7.89 
-2.57	-6.34	-4.84	0.28	90.5	0.06	17	21.6	352.24	-7.97 
-2.25	-6.1	-4.33	0.34	228.2	0.61	19.1	21.2	352.61	-8.02 
-4.41	-13.2	-8.76	1.39	81.4	3.02	14	32.3	352.38	-8.04 
2.98	-3.07	-0.43	1.97	228	4.62	16.2	16.4	352.18	-8.07 
10.33	1.32	6.07	5.65	87.5	14.52	14.9	9.6	352.74	-8.10 
12.42	4.22	8.41	6.02	149.1	18.64	13.3	5	352.5	-8.11 
17.57	9.07	13.28	8.84	60.2	23.43	11.4	0	352.66	-7.98 
21.73	10.53	16.31	14.39	20.1	26.22	5.9	0	353.18	-7.71 
18.92	10.39	14.36	9.66	189	18.55	4.1	0	353.03	-7.51 
17.87	5.71	11.71	12.06	75.4	14.07	7.3	2.7	353.07	-7.57 
9.4	1.71	5.38	4.53	111.2	5.73	9.8	8.9	353.37	-7.73 
2.73	-0.26	0.55	0.5	245	0.6	17.4	12	353.4	-7.86 
-1.19	-4.34	-3.59	0.19	128.3	0.06	17.9	18.4	353.63	-7.95 
-0.55	-2.95	-2.42	0	299.7	0.2	19.1	16.2	353.55	-8.00 
0.06	-6.74	-3.58	1.68	147	3.43	14	22.2	354.02	-8.03 
5.94	-2.61	1.97	3.81	55.1	8.69	16.2	15.7	354.01	-8.06 
11.01	2.12	6.43	5.86	112.1	13.54	14.9	8.3	353.49	-8.10 
11.62	4.55	8	4.93	207.4	16.24	13.3	4.5	353.91	-8.11 
15.74	8.76	11.89	6.53	101.3	19.84	11.4	0	353.68	-7.98 
22.24	12.15	16.79	13.67	44	25.01	5.9	0	354.08	-7.71 
21.49	12.34	16.6	12.03	96.6	18.15	4.1	0	354.3	-7.52 
21.48	7.1	14.68	17.01	0	15.44	7.3	0.5	354.34	-7.57 
6.57	0.52	3.39	2.77	243.84	4.65	9.8	1.3	354.57	-7.74 
1.09	-2.17	-0.34	0.46	325.12	0.74	17.4	9.9	354.89	-7.87 
-6.56	-13.09	-10.14	0.59	195.58	0.04	17.9	21.9	355.06	-7.95 
-3.03	-8.41	-5.69	0.75	175.26	0.86	17	16.4	354.84	-8.01 
4.82	-1.09	1.24	2.3	111.76	3.14	15	4	354.95	-8.04 
2.96	-5.88	-2.04	3.05	149.86	6.09	16	7	355.5	-8.07 
7.54	-1.41	2.56	4.54	124.46	13.18	12	0	355.76	-8.12 
10.09	1.63	5.23	5.23	129.54	14.39	15	0	355.84	-8.14 
13.31	5.16	9.42	6.39	96.52	16.2	11	0	355.63	-8.01 
20.62	11.06	16.39	11.85	27.94	25.2	3	0	355.39	-7.75 
22.21	12.08	17.17	13.67	10.16	21.38	3	0	355.39	-7.56 
18.05	7.55	12.4	10.9	5.08	15.22	1	0	355.54	-7.62 
10.05	1.25	5.32	5.42	58.42	7.05	7	0	355.42	-7.78 
0.2	-3.73	-1.49	0.65	261.62	0.52	21	11.3	355.73	-7.92 
-0.8	-4.33	-2.66	0.38	210.82	0.03	22	12.9	355.76	-8.00 
-0.49	-5.07	-2.52	0.82	187.96	0.33	20	12.4	355.99	-8.04 
4.66	-1.26	0.93	2.27	127	2.09	13	4.3	356.12	-8.07 
9.48	-0.55	3.09	5.83	30.48	9.7	4	0	356.18	-8.09 
9.97	0.66	4.5	5.67	109.22	11.79	10	0	356.21	-8.13 
15.34	4.64	10.62	9.27	30.48	22.74	4	0	356.25	-8.13 
19.2	10.11	15.41	10.39	86.36	23.28	6	0	356.79	-8.00 
18.62	10.12	14.35	9.45	78.74	19.35	11	0	356.16	-7.73 
20.96	10.85	15.84	12.66	86.36	21.36	8	0	356.47	-7.54 
13.41	5.08	9.09	6.56	101.6	12.48	15	0	356.16	-7.60 
10.99	3.52	6.62	4.97	60.96	6.06	7	0	356.47	-7.76 
-0.55	-3.86	-2.3	0.31	213.36	0.39	19	12.5	356.2	-7.89 
-3.61	-8.53	-5.88	0.54	205.74	0.15	18	17.3	356.22	-7.97 
-3.51	-9.57	-6.84	0.88	124.46	0.73	16	17.1	356.67	-8.02 
-0.6	-9.04	-5.45	2.05	48.26	4.21	8	12.6	356.35	-8.04 
5.23	-2.92	0.52	3.42	154.94	5.83	15	3.4	356.56	-8.07 
7.15	-0.55	2.26	3.8	162.56	8.42	24	0.4	356.52	-8.10 
14.08	4.46	8.99	7.8	99.06	17.38	18	0	356.88	-8.10 
13.68	6.23	10.3	6.03	78.74	18.12	18	0	356.98	-7.97 
13.99	7.08	10.44	5.72	139.7	14.73	20	0	356.8	-7.70 
18.18	9.03	13.84	9.79	35.56	18.11	6	0	356.98	-7.51 
16.13	6.16	10.46	9.22	17.78	14.26	6	0	357.34	-7.56 
10.55	3.5	6.52	4.54	25.4	5.33	6	0	357.37	-7.73 
-0.59	-6.56	-3.8	1.29	96.52	1.57	9	12.5	357.39	-7.87 
-1.84	-5.23	-3.6	0.22	152.4	0.04	14	14.5	357.62	-7.96 
0.77	-2.25	-0.98	0.32	147.32	0.49	14	10.4	357.93	-8.02 
-0.91	-8.53	-4.96	1.75	147.32	2.15	16	13.1	357.98	-8.06 
6.23	-3.5	0.51	4.41	86.36	9.55	15	1.8	358.03	-8.10 
8.58	0.32	3.74	4.56	55.88	12.52	12	0	358.38	-8.15 
13.99	4.68	9.32	7.54	63.5	16.7	10	0	358.26	-8.17 
16.25	6.17	11.65	9.37	96.52	23.43	21	0	358.18	-8.04 
23.03	12.55	18.3	14.75	12.7	26.46	4	0	358.62	-7.78 
23.41	11.72	17.83	16.44	0	21.66	1	0	358.93	-7.60 
18.7	8.9	13.16	10.72	43.18	13.5	9	0	358.86	-7.66 
8.48	1.24	4.38	3.97	185.42	5.64	11	0	359.28	-7.83 
-1.97	-6.21	-3.98	0.51	236.22	0.44	21	14.7	359.55	-7.97 
-1.59	-5.96	-3.72	0.6	185.42	0.08	19	14.1	359.62	-8.06 
-1.2	-5.48	-3.64	0.61	160.02	0.36	15	13.5	359.62	-8.12 
2.52	-3.68	-1.14	1.94	147.32	3.12	9	7.7	359.8	-8.15 
4.29	-4.08	-0.66	3.25	180.34	6.4	21	4.9	360.02	-8.18 
7.33	-1.41	2.26	4.36	83.82	12.19	15	0.1	360.38	-8.22 
13.02	3.47	8.44	7.21	66.04	19.42	12	0	360.46	-8.24 
14.46	7.04	11.24	6.34	139.7	16.14	14	0	360.63	-8.11 
19.97	10.95	15.88	10.83	48.26	21.41	10	0	360.9	-7.84 
18.39	8.81	13.59	10.31	55.88	18.18	7	0	360.53	-7.65 
17.53	8.46	12.41	9.33	76.2	12.58	8	0	361.34	-7.70 
5.35	0.4	2.87	1.92	149.86	3.92	11	3.2	361.13	-7.86 
2.76	-1.16	0.93	0.96	294.64	0.81	19	7.3	361.37	-8.00 
-1.63	-6.23	-3.94	0.67	180.34	0.08	22	14.2	361.3	-8.08 
-2.68	-6.63	-4.65	0.33	256.54	0.52	23	15.8	361.63	-8.13 
0.09	-8.16	-4.57	2.15	292.1	3.36	16	11.5	362.05	-8.16 
4.35	-5.09	-1.09	3.67	104.14	6.99	15	4.8	362.31	-8.20 
7.94	-0.2	2.78	4.28	233.68	10.22	22	0	361.58	-8.24 
9.13	1.38	4.94	4.48	172.72	13.33	18	0	361.86	-8.25 
16.67	6.66	12.21	9.58	7.62	21.61	2	0	362.43	-8.12 
22.68	11.68	17.81	15.01	5.08	26.72	1	0	362.59	-7.86 
21.4	11.18	16.38	13.11	17.78	19.85	4	0	362.76	-7.68 
13.53	5.62	9.25	6.31	48.26	11.01	9	0	362.86	-7.74 
7.97	1.58	4.37	3.33	152.4	5.17	12	0	362.71	-7.90 
0.58	-3.03	-1.29	0.56	271.78	0.92	19	10.7	362.76	-8.03 
-2.77	-6.77	-4.71	0.34	525.78	0.02	26	16	362.82	-8.11 
-2.57	-6.59	-4.52	0.37	193.04	0.53	20	15.7	362.64	-8.16 
0.18	-5.01	-2.86	1.13	182.88	1.71	15	11.3	363.03	-8.18 
5.26	-2.6	1.27	3.31	213.36	5.72	21	3.4	362.7	-8.20 
4.85	-2.46	0.63	2.95	170.18	10.93	15	4	363.32	-8.23 
12.75	4.72	8.22	6.05	104.14	16.74	12	0	363.57	-8.24 
15.49	6.66	10.65	7.97	68.58	13.98	15	0	363.15	-8.10 
20.67	9.78	14.38	13.19	96.52	18.56	13	0	363.4	-7.83 
22.82	11.43	16.53	15.56	22.86	19.88	4	0	363.44	-7.64 
17.15	8.22	11.81	8.98	93.98	10.6	13	0	363.43	-7.70 
6.62	1.35	3.78	2.36	149.86	4.21	13	1.2	363.78	-7.87 
2.59	-1.21	0.71	0.89	116.84	1.16	12	7.6	364.26	-8.01 
-1.36	-4.81	-3.07	0.29	91.44	0.12	15	13.8	364.89	-8.10 
-1.4	-5.59	-3.38	0.56	226.06	0.57	22	13.8	364.85	-8.15 
1.41	-3.23	-1.02	1.1	96.52	2.88	15	9.4	364.97	-8.19 
2.99	-2.76	-0.13	1.85	132.08	6.87	17	6.9	365.38	-8.23 
7.91	0.87	4.04	3.68	73.66	13.08	15	0	365.78	-8.28 
12.59	4.43	8.11	6.08	198.12	15.7	18	0	366.46	-8.30 
15.52	7.09	10.93	7.66	58.42	19.43	13	0	366.55	-8.19 
24.16	14.54	19.05	14.73	40.64	23.55	8	0	366.92	-7.94 
23.45	14.08	18.3	13.82	0	20.23	0	0	367.37	-7.76 
19.58	11.53	15.02	9.58	73.66	12.4	7	0	367.17	-7.83 
8.07	2.43	5.01	2.92	43.18	4.75	9	0	367.46	-8.00 
1.1	-1.84	-0.44	0.31	236.22	0.62	21	9.9	367.42	-8.14 
-3.87	-7.94	-5.85	0.25	309.88	0.08	17	17.7	367.64	-8.23 
-1.48	-4.84	-3.17	0.24	254	0.58	25	13.9	367.8	-8.28 
-1.53	-5.23	-3.29	0.36	256.54	2.03	20	14	367.98	-8.31 
3.11	-3.47	-0.54	2.22	160.02	6.83	21	6.7	367.92	-8.34 
6.09	-1.66	1.96	3.5	60.96	13.31	14	2.1	368.21	-8.37 
9.08	1.69	5.26	4.25	86.36	18.66	15	0	367.87	-8.37 
14.07	6.04	9.79	6.64	88.9	18.27	14	0	367.9	-8.23 
20.37	9.82	14.81	12.63	22.86	24.03	5	0	368.45	-7.96 
21.88	12.64	16.82	12.43	33.02	17.52	6	0	368.21	-7.76 
15.94	7.38	11.25	7.99	5.08	12.95	3	0	367.92	-7.81 
9.13	2.86	5.78	3.59	88.9	5.54	8	0	368.43	-7.96 
5.9	0.9	3	2.06	190.5	1.18	16	2.4	368.52	-8.09 
-1.36	-4.32	-2.77	0.1	320.04	0.06	17	13.8	368.52	-8.17 
-2.06	-5.73	-4.01	0.3	215.9	0.42	21	14.9	368.9	-8.22 
0.22	-3.59	-1.8	0.6	175.26	1.51	16	11.3	368.54	-8.25 
2.38	-3.11	-0.63	1.62	127	5.67	18	7.9	368.93	-8.28 
8.91	0.9	4.73	4.54	127	13.94	15	0	369.05	-8.32 
10.73	3.04	6.53	5.02	129.54	17.61	14	0	368.49	-8.33 
16.59	7.41	11.95	8.86	71.12	21.29	11	0	369.29	-8.19 
21.36	12.04	16.44	12.13	5.08	25.33	2	0	369.05	-7.92 
21.8	12.12	16.5	12.86	0	21.05	0	0	369.75	-7.73 
13.43	6.31	9.54	5.67	88.9	9.77	9	0	370.15	-7.79 
8.48	2.69	5.42	3.11	50.8	5.09	8	0	370.18	-7.95 
-1.95	-5.51	-3.75	0.27	91.44	1.31	12	14.7	370.23	-8.09 
-2.18	-6.75	-4.46	0.6	121.92	0.11	14	15	370.25	-8.17 
-0.73	-4.54	-2.63	0.49	127	0.72	15	12.8	370.31	-8.23 
-1.45	-6.26	-3.93	0.77	116.84	2.41	15	13.9	370.69	-8.26 
3.88	-1.96	0.71	2.06	109.22	6.9	15	5.5	370.87	-8.29 
4.89	-1.46	1.37	2.52	157.48	9.9	20	3.9	370.7	-8.33 
12.32	4.01	7.94	6.06	88.9	20.15	11	0	370.93	-8.34 
15.97	7.41	11.36	8	78.74	19.76	13	0	370.87	-8.21 
20.58	12.2	15.88	10.56	22.86	23.41	6	0	370.96	-7.94 
23.08	14.16	18.3	12.97	15.24	20.09	5	0	371.13	-7.75 
19.45	10.38	14.56	10.54	12.7	12.99	5	0	371.4	-7.80 
7.54	1.5	4.55	3.02	170.18	4.6	13	0	371.62	-7.97 
4.55	-0.32	1.99	1.73	195.58	1.19	18	4.5	371.6	-8.10 
-1.71	-5.72	-3.73	0.46	236.22	0.02	20	14.3	371.83	-8.19 
-1.88	-5.56	-3.84	0.32	289.56	0.38	19	14.6	372.13	-8.24 
-0.22	-5.63	-3.14	1.15	144.78	2.4	15	12	372.19	-8.28 
0.13	-5.39	-2.7	1.25	208.28	3.92	22	11.4	372.21	-8.31 
5.89	-0.9	2.47	2.99	96.52	11.24	12	2.4	372.2	-8.35 
9.74	2.24	5.98	4.54	142.24	15.12	16	0	372.74	-8.36 
16.71	8.86	12.78	7.78	86.36	21.21	11	0	373.16	-8.23 
23.25	14.18	18.82	13.29	7.62	23.85	3	0	373.4	-7.97 
19.54	11.09	15.3	9.97	33.02	19.34	5	0	373.4	-7.79 
16.21	8.46	12.17	7.44	33.02	12.18	8	0	374.07	-7.85 
7.66	1.28	4.07	3.24	20.32	5.93	5	0	373.84	-8.02 
4.05	-0.71	1.49	1.58	139.7	1.39	17	5.3	374.24	-8.16 
0.91	-3.36	-1.47	0.87	187.96	0.16	16	10.2	374.49	-8.26 
1.81	-2.19	-0.26	0.88	276.86	0.54	18	8.8	374.65	-8.32 
-0.59	-5.35	-3.12	0.86	119.38	1.56	15	12.5	374.74	-8.36 
2.82	-2.07	0.27	1.43	223.52	3.75	21	7.2	374.89	-8.39 
6.44	-0.03	3.02	2.97	91.44	10.49	17	1.5	374.97	-8.44 
11.17	3.66	7.33	5.06	101.6	15.24	15	0	375.61	-8.45 
18.28	9.61	13.97	9.41	17.78	23.38	6	0	375.9	-8.32 
24.73	15.69	20.24	14.46	5.08	27.48	1	0	376.25	-8.05 
23.59	14.15	18.85	14.02	20.32	19.42	3	0	375.93	-7.86 
17.39	9.73	13.27	7.96	58.42	11.77	4	0	376.43	-7.92 
11.36	4.74	7.9	4.53	60.96	5.09	8	0	376.44	-8.08 
-0.44	-5.07	-2.83	0.84	220.98	1.02	20	12.3	376.77	-8.22 
-0.23	-4.84	-2.65	0.86	160.02	0.05	18	12	376.76	-8.30 
-1.04	-5.57	-3.41	0.72	289.56	0.34	20	13.3	376.82	-8.36 
1.11	-3.84	-1.65	1.18	88.9	1.82	17	9.9	376.95	-8.39 
5.89	-1.09	2.38	3.08	86.36	7.17	8	2.4	377.29	-8.42 
9.61	1.7	5.74	4.74	71.12	13.74	12	0	377.59	-8.45 
10.36	3.84	6.91	4.13	198.12	14.17	16	0	377.56	-8.46 
18.17	9.12	13.6	9.69	40.64	22.87	10	0	377.32	-8.32 
23.11	13.54	18.12	13.78	25.4	25.36	4	0	377.01	-8.05 
21.26	13.71	17.09	12.345	137.16	16.74	6	0	377.8	-7.86 
14.43	7.06	10.41	5.211	76.2	9.49	11	0	377.46	-7.92 
8.96	3.07	5.74	3.212	139.7	5.12	13	0	377.84	-8.08 
3.15	-2.07	0.25	1.701	203.2	1.28	12	6.7	378.28	-8.21 
0.94	-3.37	-1.24	1.289	160.02	0.06	16	10.1	378.3	-8.30 
1.18	-3.9	-1.83	1.404	147.32	0.52	15	9.8	378.19	-8.35 
4.08	-3.3	-0.01	3.692	35.56	3.94	8	5.2	378.85	-8.39 
5.31	-1.51	1.47	2.722	172.72	6.7	15	3.3	379.48	-8.42 
8.66	-0.38	3.85	3.944	93.98	12.32	11	0	379.47	-8.47 
13.49	5.29	9.27	6.5	119.38	17.27	13	0	379.37	-8.48 
15.44	6.66	10.79	7.9	66.04	17.7	11	0	379.77	-8.36 
22.86	13.07	17.98	13.83	10.16	24.97	3	0	380.08	-8.10 
23.24	13.15	18	14.5	10.16	20.2	3	0	380.32	-7.91 
15.38	7.19	10.97	7.814	83.82	11.93	2	0	380	-7.97 
9.71	3.35	6.24	3.023	127	3.95	13	0	380.32	-8.14 
2.16	-2.92	-0.77	1.328	134.62	1.06	15	8.2	380.4	-8.28 
-1.3	-6.25	-3.78	0.72	198.12	0.06	16	13.7	380.84	-8.38 
0.1	-3.7	-1.88	0.45	292.1	0.25	26	11.5	381.12	-8.44 
-1.14	-7.67	-4.42	1.331	101.6	2.41	11	13.4	381.34	-8.47 
3.35	-3.65	-0.66	1.702	88.9	4.72	15	6.4	381.14	-8.51 
8.54	0.03	4.03	3.321	73.66	10.5	12	0	381.89	-8.55 
14.85	5.66	10.05	8.029	111.76	19	6	0	381.81	-8.56 
18.57	9.81	14.09	8.373	104.14	20.65	6	0	381.67	-8.43 
25.01	15.26	20.15	15.65	2.54	27.12	1	0	381.67	-8.16 
22.37	12.73	17.57	13.26	30.48	20.03	5	0	382.04	-7.96 
18.29	9.86	13.81	9.19	58.42	11.94	6	0	382.1	-8.01 
8.76	2.16	5.18	3.945	86.36	5.52	5	0	382.42	-8.17 
1.28	-3.69	-1.12	0.759	396.24	0.65	23	9.6	382.3	-8.30 
-0.07	-4.96	-2.8	1.07	134.62	0.05	17	11.7	382.67	-8.39 
-2.54	-7.98	-5.42	1.011	175.26	0.59	19.1	15.6	382.7	-8.44 
1.81	-4.04	-1.52	0.914	160.02	1.29	14	8.8	382.94	-8.47 
5.95	-1.69	1.75	2.184	142.24	5.09	16.2	2.3	382.85	-8.50 
8.42	0.21	3.8	3.397	53.34	11.4	14.9	0	383.56	-8.54 
13.93	4.28	9.13	7.74	48.26	18.93	13.3	0	383.35	-8.55 
17.19	8	12.61	9.22	78.74	21.71	11.4	0	383.67	-8.42 
26.31	16.73	21.5	16.63	0	26.58	5.9	0	383.99	-8.16 
22.22	12.57	17.21	13.16	27.94	19.4	4.1	0	383.69	-7.97 
16.4	7.27	11.64	8.71	22.86	12.22	7.3	0	384.1	-8.02 
8.85	1.92	4.97	3.91	121.92	3.88	9.8	0	384.43	-8.19 
2.46	-1.18	0.9	0.8	157.48	1.06	17.4	7.8	384.49	-8.32 
-2.1	-4.56	-3.06	0	289.56	0.06	17.9	14.9	384.73	-8.41 
-2.65	-7.08	-4.43	0.5	243.84	0.65	19.1	15.8	385.23	-8.46 
1.04	-2.58	-0.9	0.61	177.8	2.75	14	10	384.91	-8.49 
2.83	-3.44	-0.61	2.03	236.22	7.14	16.2	7.2	384.37	-8.52 
5.43	-1.6	1.43	2.98	96.52	14.46	14.9	3.1	384.39	-8.56 
10.04	3.36	6.15	4.13	76.2	17.51	13.3	0	385.3	-8.56 
14.21	6.57	10.09	6.41	129.54	20.5	11.4	0	385.56	-8.43 
22.24	13.35	18.03	12.3	12.7	24.71	5.9	0	385.91	-8.16 
20.99	12.49	16.66	10.97	93.98	19.23	4.1	0	385.9	-7.97 
16.9	9.01	12.35	7.92	68.58	14.28	7.3	0	386.35	-8.03 
9.46	4.18	6.79	3.04	48.26	5.8	9.8	0	386.33	-8.19 
3.83	1.27	2.88	0.38	243.84	0.7	17.4	5.6	386.21	-8.32 
-3.13	-8.08	-5.15	0.6	259.08	0.03	17.9	16.5	386.44	-8.41 
0	-3.98	-1.92	0.64	215.9	0.63	17	11.6	386.71	-8.46 
2.75	-2.73	-0.37	1.68	109.22	2.14	15	7.3	386.62	-8.48 
2.32	-3.99	-0.96	1.94	226.06	4.5	16	8	387.17	-8.51 
8.13	0.71	3.67	3.96	83.82	13.22	12	0	386.68	-8.54 
12.39	4.09	7.61	6.09	106.68	19.88	15	0	386.96	-8.55 
17.37	9.33	13.61	8.3	91.44	20.48	11	0	387.13	-8.42 
22.94	13.85	18.52	13.07	40.64	24.09	3	0	387.25	-8.14 
21.27	13.65	17.32	10.14	33.02	16.3	3	0	387.68	-7.95 
19.17	10.72	14.68	9.74	17.78	14.29	1	0	388.03	-8.00 
5.51	0.51	3.27	1.98	134.62	4.55	7	3	387.75	-8.16 
1.91	-0.75	0.86	0.25	134.62	0.83	21	8.6	388.08	-8.30 
-4.01	-7.97	-5.8	0.2	119.38	0.16	22	17.9	388.18	-8.38 
0.93	-1.56	-0.07	0.08	134.62	0.3	20	10.2	388.22	-8.44 
2.19	-1.44	0.16	0.76	76.2	2.44	13	8.2	388.92	-8.48 
5.83	-0.92	1.87	2.95	111.76	8.13	4	2.5	389.47	-8.51 
6.58	0.17	3.02	2.97	152.4	11.29	10	1.3	389.69	-8.56 
9.75	2.69	5.99	4.27	127	14.71	4	0	389.73	-8.58 
14.24	8.56	11.77	4.79	177.8	15.62	6	0	389.74	-8.46 
20.6	12.26	16.81	10.54	15.24	25.16	11	0	389.63	-8.19 
20.69	12.15	16.53	10.81	33.02	18.75	8	0	389.93	-8.00 
14.07	8.61	11.23	4.53	91.44	10.5	15	0	390.05	-8.06 
9.48	5.13	7.28	2.4	154.94	5.08	7	0	390.57	-8.22 
0.65	-2.51	-0.69	0.37	185.42	0.8	19	10.6	390.66	-8.36 
-0.49	-3.35	-1.64	0.13	208.28	0.02	18	12.4	390.66	-8.44 
